"date","transaction","description","amount","balance"
"2024-07-01","E_TRFIN","Interac e-Transfer® Received","150.0","192.54"
"2024-07-01","INT","Interest earned","0.47","193.01"
"2024-07-01","E_TRFOUT","Interac e-Transfer® Out","-56.0","137.01"
"2024-07-01","CASHBACK","Cashback received","0.03","137.04"
"2024-07-01","SPEND","Presto Fare/55j5d67r9q","-3.3","133.74"
"2024-07-01","TRFOUT","Transfer out","-0.03","133.71"
"2024-07-01","TRFOUT","Transfer out","-0.7","133.01"
"2024-07-02","E_TRFIN","Interac e-Transfer® Received","200.0","333.01"
"2024-07-02","TRFOUT","Transfer out","-0.07","332.94"
"2024-07-02","TRFOUT","Transfer out","-0.4","332.54"
"2024-07-02","SPEND","Presto Fare/55j254v2c7","-6.6","325.94"
"2024-07-02","CASHBACK","Cashback received","0.07","326.01"
"2024-07-02","CASHBACK","Cashback received","0.1","326.11"
"2024-07-02","SPEND","Shoppers Drug Mart","-9.56","316.55"
"2024-07-03","TRFOUT","Transfer out","-0.44","316.11"
"2024-07-03","TRFOUT","Transfer out","-0.1","316.01"
"2024-07-03","TRFOUT","Transfer out","-0.07","315.94"
"2024-07-03","TRFOUT","Transfer out","-0.4","315.54"
"2024-07-03","E_TRFOUT","Interac e-Transfer® Out","-26.98","288.56"
"2024-07-03","SPEND","Presto Fare/55j51kmwlx","-6.6","281.96"
"2024-07-03","CASHBACK","Cashback received","0.07","282.03"
"2024-07-03","SPEND","Uber* Eats Pending","-41.13","240.9"
"2024-07-03","CASHBACK","Cashback received","0.41","241.31"
"2024-07-03","TRFOUT","Transfer out","-0.87","240.44"
"2024-07-03","TRFOUT","Transfer out","-0.41","240.03"
"2024-07-03","CASHBACK","Cashback received","0.08","240.11"
"2024-07-03","SPEND","Pilot Coffee Union","-7.5","232.61"
"2024-07-03","TRFOUT","Transfer out","-0.5","232.11"
"2024-07-03","TRFOUT","Transfer out","-0.08","232.03"
"2024-07-03","SPEND","Steamgames.com 4259522","-5.63","226.4"
"2024-07-03","CASHBACK","Cashback received","0.06","226.46"
"2024-07-04","TRFOUT","Transfer out","-0.37","226.09"
"2024-07-04","TRFOUT","Transfer out","-0.06","226.03"
"2024-07-04","TRFOUT","Transfer out","-0.7","200.33"
"2024-07-04","TRFOUT","Transfer out","-0.03","200.3"
"2024-07-04","SPEND","Presto Fare/55j6b7qnqr","-3.3","197.0"
"2024-07-04","CASHBACK","Cashback received","0.03","197.03"
"2024-07-04","TRFOUT","Transfer out","-0.71","196.32"
"2024-07-04","TRFOUT","Transfer out","-0.11","196.21"
"2024-07-04","SPEND","Uber Canada/Uberone","-11.29","184.92"
"2024-07-04","CASHBACK","Cashback received","0.11","185.03"
"2024-07-04","E_TRFOUT","Interac e-Transfer® Out","-75.25","109.78"
"2024-07-04","SPEND","Bloor Street Independe","-84.19","-428.2"
"2024-07-04","CASHBACK","Cashback received","0.84","-427.36"
"2024-07-04","TRFOUT","Transfer out","-0.81","-428.17"
"2024-07-04","TRFOUT","Transfer out","-0.84","-429.01"
"2024-07-04","CASHBACK","Cashback received","0.27","-428.74"
"2024-07-04","SPEND","Sp Cookery","-27.12","-455.86"
"2024-07-04","TRFOUT","Transfer out","-0.27","-456.13"
"2024-07-04","TRFOUT","Transfer out","-0.88","-457.01"
"2024-07-04","SPEND","Dark Horse Bay Bloor","-7.22","-464.23"
"2024-07-04","CASHBACK","Cashback received","0.07","-464.16"
"2024-07-04","TRFOUT","Transfer out","-0.07","-464.23"
"2024-07-04","TRFOUT","Transfer out","-0.78","-465.01"
"2024-07-04","TRFOUT","Transfer out","-22.0","201.03"
"2024-07-04","TRFOUT","Transfer out","-3.0","223.03"
"2024-07-04","TRFOUTTF","Transfer out","-339.59","-229.81"
"2024-07-04","TRFOUTTF","Transfer out","-114.2","-344.01"
"2024-07-05","AFT_IN","Direct deposit from 2325106 ONTARIO","923.68","458.67"
"2024-07-05","TRFOUT","Transfer out","-0.7","457.97"
"2024-07-05","TRFOUT","Transfer out","-0.03","457.94"
"2024-07-05","SPEND","Presto Fare/55k1kh5ht9","-3.3","454.64"
"2024-07-05","CASHBACK","Cashback received","0.03","454.67"
"2024-07-05","TRFOUT","Transfer out","-0.78","453.89"
"2024-07-05","TRFOUT","Transfer out","-0.14","453.75"
"2024-07-05","SPEND","Uber Canada/Ubereats","-77.86","375.89"
"2024-07-05","CASHBACK","Cashback received","0.78","376.67"
"2024-07-05","SPEND","Lcbo/Rao","-44.8","331.87"
"2024-07-06","CASHBACK","Cashback received","0.45","332.32"
"2024-07-06","TRFOUT","Transfer out","-0.2","332.12"
"2024-07-06","TRFOUT","Transfer out","-0.45","331.67"
"2024-07-06","SPEND","Presto Fare/55k6675hvb","-3.3","328.37"
"2024-07-06","CASHBACK","Cashback received","0.03","328.4"
"2024-07-06","TRFOUT","Transfer out","-0.7","327.7"
"2024-07-06","TRFOUT","Transfer out","-0.03","327.67"
"2024-07-06","SPEND","Presto Fare/55k478z2jn","-3.3","324.37"
"2024-07-06","CASHBACK","Cashback received","0.03","324.4"
"2024-07-06","TRFOUT","Transfer out","-0.7","323.7"
"2024-07-06","TRFOUT","Transfer out","-0.03","323.67"
"2024-07-06","SPEND","Uber Canada/Ubereats","-72.56","251.11"
"2024-07-06","CASHBACK","Cashback received","0.73","251.84"
"2024-07-07","TRFOUT","Transfer out","-0.73","251.11"
"2024-07-07","TRFOUT","Transfer out","-0.44","250.67"
"2024-07-07","SPEND","Scotiabank","-183.0","67.67"
"2024-07-07","E_TRFIN","Interac e-Transfer® Received","160.0","227.67"
"2024-07-07","SPEND","Presto Fare/55k914p6hr","-3.3","224.37"
"2024-07-07","CASHBACK","Cashback received","0.03","224.4"
"2024-07-07","TRFOUT","Transfer out","-0.7","223.7"
"2024-07-07","TRFOUT","Transfer out","-0.03","223.67"
"2024-07-08","TRFOUT","Transfer out","-0.5","223.17"
"2024-07-08","SPEND","10 Dundas Street","-164.5","58.67"
"2024-07-08","TRFOUT","Transfer out","-0.1","58.57"
"2024-07-08","TRFOUT","Transfer out","-0.1","58.47"
"2024-07-08","CASHBACK","Cashback received","0.1","58.57"
"2024-07-08","SPEND","Presto Fare/55kbgbr6r8","-9.9","48.67"
"2024-07-09","TRFOUT","Transfer out","-0.7","47.97"
"2024-07-09","TRFOUT","Transfer out","-0.03","47.94"
"2024-07-09","SPEND","Presto Fare/55k636ms9r","-3.3","44.64"
"2024-07-09","CASHBACK","Cashback received","0.03","44.67"
"2024-07-09","SPEND","Mcdonald's","-13.14","31.53"
"2024-07-09","CASHBACK","Cashback received","0.13","31.66"
"2024-07-09","TRFOUT","Transfer out","-0.86","30.8"
"2024-07-09","TRFOUT","Transfer out","-0.13","30.67"
"2024-07-11","TRFOUT","Transfer out","-3.0","27.67"
"2024-07-11","TRFOUT","Transfer out","-22.0","5.67"
"2024-07-12","AFT_IN","Direct deposit from 2325106 ONTARIO","728.8","734.47"
"2024-07-12","E_TRFOUT","Interac e-Transfer® Out","-165.0","500.75"
"2024-07-12","TRFOUT","Transfer out","-0.7","500.05"
"2024-07-12","TRFOUT","Transfer out","-0.03","500.02"
"2024-07-12","SPEND","Presto Fare/55l25gztdk","-3.3","496.72"
"2024-07-12","CASHBACK","Cashback received","0.03","496.75"
"2024-07-12","SPEND","Uber Canada/Ubereats","-5.0","491.75"
"2024-07-12","CASHBACK","Cashback received","0.05","491.8"
"2024-07-12","SPEND","Uber Canada/Ubereats","-86.73","405.07"
"2024-07-12","CASHBACK","Cashback received","0.87","405.94"
"2024-07-12","TRFOUT","Transfer out","-0.05","405.89"
"2024-07-12","TRFOUT","Transfer out","-0.27","405.62"
"2024-07-12","TRFOUT","Transfer out","-0.87","404.75"
"2024-07-12","TRFOUTTF","Transfer out","-68.72","665.75"
"2024-07-13","SPEND","Presto Fare/55lb8htcwv","-3.3","401.45"
"2024-07-13","CASHBACK","Cashback received","0.03","401.48"
"2024-07-13","TRFOUT","Transfer out","-0.7","400.78"
"2024-07-13","TRFOUT","Transfer out","-0.03","400.75"
"2024-07-13","SPEND","Dark Horse Bay Bloor","-6.22","394.53"
"2024-07-13","CASHBACK","Cashback received","0.06","394.59"
"2024-07-13","SPEND","Pizzaiolo 707 Yonge","-10.0","384.59"
"2024-07-13","SPEND","Shoppers Drug Mart","-12.03","372.56"
"2024-07-13","SPEND","Sonnet Insurance Compa","-33.48","339.08"
"2024-07-14","TRFOUT","Transfer out","-0.78","338.3"
"2024-07-14","TRFOUT","Transfer out","-0.06","338.24"
"2024-07-14","CASHBACK","Cashback received","0.1","338.34"
"2024-07-14","TRFOUT","Transfer out","-0.1","338.24"
"2024-07-14","SPEND","Bloor Street Independe","-48.32","289.92"
"2024-07-15","CASHBACK","Cashback received","0.12","290.04"
"2024-07-15","TRFOUT","Transfer out","-0.12","289.92"
"2024-07-15","TRFOUT","Transfer out","-0.97","288.95"
"2024-07-15","CASHBACK","Cashback received","0.33","289.28"
"2024-07-15","TRFOUT","Transfer out","-0.52","288.76"
"2024-07-15","TRFOUT","Transfer out","-0.33","288.43"
"2024-07-15","TRFOUT","Transfer out","-0.68","287.75"
"2024-07-15","TRFOUT","Transfer out","-0.48","287.27"
"2024-07-15","CASHBACK","Cashback received","0.48","287.75"
"2024-07-17","TRFOUT","Transfer out","-0.7","287.05"
"2024-07-17","TRFOUT","Transfer out","-0.03","287.02"
"2024-07-17","SPEND","Presto Fare/55m8jmr59p","-3.3","283.72"
"2024-07-17","CASHBACK","Cashback received","0.03","283.75"
"2024-07-17","TRFOUT","Transfer out","-0.2","283.55"
"2024-07-17","TRFOUT","Transfer out","-0.61","282.94"
"2024-07-17","CASHBACK","Cashback received","0.2","283.14"
"2024-07-17","SPEND","Mcdonald's","-20.39","262.75"
"2024-07-17","TRFOUT","Transfer out","-0.11","262.64"
"2024-07-17","TRFOUT","Transfer out","-0.62","262.02"
"2024-07-17","SPEND","Steam Purchase","-61.89","200.13"
"2024-07-17","CASHBACK","Cashback received","0.62","200.75"
"2024-07-18","SPEND","Presto Fare/55mb6hmjvn","-3.3","172.45"
"2024-07-18","CASHBACK","Cashback received","0.03","172.48"
"2024-07-18","TRFOUT","Transfer out","-0.7","171.78"
"2024-07-18","TRFOUT","Transfer out","-0.03","171.75"
"2024-07-18","SPEND","Subway 22983","-41.55","130.2"
"2024-07-18","CASHBACK","Cashback received","0.42","130.62"
"2024-07-18","TRFOUT","Transfer out","-0.45","130.17"
"2024-07-18","TRFOUT","Transfer out","-0.42","129.75"
"2024-07-18","TRFOUT","Transfer out","-3.0","197.75"
"2024-07-18","TRFOUT","Transfer out","-22.0","175.75"
"2024-07-19","AFT_IN","Direct deposit from 2325106 ONTARIO","415.05","544.8"
"2024-07-19","SPEND","Presto Fare/55m6fjbbf5","-3.3","541.5"
"2024-07-19","CASHBACK","Cashback received","0.03","541.53"
"2024-07-19","TRFOUT","Transfer out","-0.7","540.83"
"2024-07-19","TRFOUT","Transfer out","-0.03","540.8"
"2024-07-20","CASHBACK","Cashback received","0.03","136.77"
"2024-07-20","SPEND","Presto Fare/55ml25vn7f","-3.3","133.47"
"2024-07-20","TRFOUT","Transfer out","-0.7","132.77"
"2024-07-20","TRFOUT","Transfer out","-0.03","132.74"
"2024-07-20","SPEND","Presto Fare/55mndgstwh","-3.3","129.44"
"2024-07-20","CASHBACK","Cashback received","0.03","129.47"
"2024-07-20","TRFOUT","Transfer out","-0.03","129.44"
"2024-07-20","TRFOUT","Transfer out","-0.7","128.74"
"2024-07-20","E_TRFIN","Interac e-Transfer® Received","300.0","428.74"
"2024-07-20","TRFOUTTF","Transfer out","-404.06","136.74"
"2024-07-21","SPEND","Presto Fare/55n2b2rt85","-3.3","425.44"
"2024-07-21","CASHBACK","Cashback received","0.03","425.47"
"2024-07-21","TRFOUT","Transfer out","-0.7","424.77"
"2024-07-21","TRFOUT","Transfer out","-0.03","424.74"
"2024-07-21","SPEND","Presto Fare/55n01p95z2","-3.3","421.44"
"2024-07-21","CASHBACK","Cashback received","0.03","421.47"
"2024-07-21","TRFOUT","Transfer out","-0.7","420.77"
"2024-07-21","TRFOUT","Transfer out","-0.03","420.74"
"2024-07-21","SPEND","Five Guys 1549","-12.46","408.28"
"2024-07-21","CASHBACK","Cashback received","0.12","408.4"
"2024-07-21","TRFOUT","Transfer out","-0.54","407.86"
"2024-07-21","TRFOUT","Transfer out","-0.12","407.74"
"2024-07-21","CASHBACK","Cashback received","0.08","407.82"
"2024-07-21","SPEND","Mcdonald's","-8.18","399.64"
"2024-07-21","TRFOUT","Transfer out","-0.82","398.82"
"2024-07-21","TRFOUT","Transfer out","-0.08","398.74"
"2024-07-21","SPEND","Ventureplanner.ai","-5.0","393.74"
"2024-07-22","TRFOUT","Transfer out","-0.05","393.69"
"2024-07-22","CASHBACK","Cashback received","0.05","393.74"
"2024-07-22","SPEND_REFUND","UBER CANADA TORONTO ON","11.41","405.15"
"2024-07-22","SPEND","Presto Fare/55n4pnjxjd","-3.3","401.85"
"2024-07-22","CASHBACK","Cashback received","0.03","401.88"
"2024-07-22","TRFOUT","Transfer out","-0.7","401.18"
"2024-07-22","TRFOUT","Transfer out","-0.03","401.15"
"2024-07-22","SPEND","Uber Canada/Ubertrip","-10.0","391.15"
"2024-07-22","CASHBACK","Cashback received","0.1","391.25"
"2024-07-22","CASHBACK","Cashback received","0.4","391.65"
"2024-07-22","SPEND","Uber Canada/Ubertrip","-39.69","351.96"
"2024-07-22","SPEND","Uber Canada/Ubertrip","-11.41","340.55"
"2024-07-22","CASHBACK","Cashback received","0.11","340.66"
"2024-07-22","TRFOUT","Transfer out","-0.1","340.56"
"2024-07-22","TRFOUT","Transfer out","-0.31","340.25"
"2024-07-22","TRFOUT","Transfer out","-0.4","339.85"
"2024-07-22","TRFOUT","Transfer out","-0.11","339.74"
"2024-07-22","TRFOUT","Transfer out","-0.59","339.15"
"2024-07-22","CASHBACK","Cashback received","0.36","339.51"
"2024-07-22","SPEND","Flixbus.com","-35.97","303.54"
"2024-07-22","TRFOUT","Transfer out","-0.36","303.18"
"2024-07-22","TRFOUT","Transfer out","-0.03","303.15"
"2024-07-22","SPEND","Tokyo Smoke 333 Yonge","-19.21","283.94"
"2024-07-22","CASHBACK","Cashback received","0.19","284.13"
"2024-07-23","TRFOUT","Transfer out","-0.19","283.94"
"2024-07-23","TRFOUT","Transfer out","-0.79","283.15"
"2024-07-23","E_TRFIN","Interac e-Transfer® Received","1518.0","1801.15"
"2024-07-23","CASHBACK","Cashback received","0.03","283.18"
"2024-07-23","SPEND","Presto Fare/55n79psbnw","-3.3","279.88"
"2024-07-23","TRFOUT","Transfer out","-0.7","279.18"
"2024-07-23","TRFOUT","Transfer out","-0.03","279.15"
"2024-07-23","CASHBACK","Cashback received","0.15","279.3"
"2024-07-23","SPEND","Uber Canada/Ubertrip","-15.3","264.0"
"2024-07-23","SPEND","Uber Canada/Ubertrip","-3.0","261.0"
"2024-07-23","CASHBACK","Cashback received","0.03","261.03"
"2024-07-23","TRFOUT","Transfer out","-0.7","260.33"
"2024-07-23","TRFOUT","Transfer out","-0.15","260.18"
"2024-07-23","TRFOUT","Transfer out","-0.03","260.15"
"2024-07-23","TRFOUT","Transfer out","-0.51","259.64"
"2024-07-23","TRFOUT","Transfer out","-0.17","259.47"
"2024-07-23","TRFOUT","Transfer out","-0.05","259.42"
"2024-07-23","SPEND","Uber Canada/Ubereats","-50.83","208.59"
"2024-07-23","CASHBACK","Cashback received","0.51","209.1"
"2024-07-23","SPEND","Uber Canada/Ubereats","-5.0","204.1"
"2024-07-23","CASHBACK","Cashback received","0.05","204.15"
"2024-07-23","SPEND","Wendy's","-12.97","191.18"
"2024-07-23","CASHBACK","Cashback received","0.13","191.31"
"2024-07-23","TRFOUT","Transfer out","-0.03","191.28"
"2024-07-23","TRFOUT","Transfer out","-0.13","191.15"
"2024-07-23","TRFOUTTF","Transfer out","-1518.0","283.15"
"2024-07-24","SPEND","Presto Fare/55ndd2ndfg","-3.3","187.85"
"2024-07-24","CASHBACK","Cashback received","0.03","187.88"
"2024-07-24","TRFOUT","Transfer out","-0.03","187.85"
"2024-07-24","TRFOUT","Transfer out","-0.7","187.15"
"2024-07-24","SPEND","Uber* Pending","-14.0","173.15"
"2024-07-24","CASHBACK","Cashback received","0.14","173.29"
"2024-07-24","SPEND","Uber* Pending","-9.8","163.49"
"2024-07-24","CASHBACK","Cashback received","0.1","163.59"
"2024-07-24","TRFOUT","Transfer out","-0.14","163.45"
"2024-07-24","TRFOUT","Transfer out","-0.1","163.35"
"2024-07-24","TRFOUT","Transfer out","-0.2","163.15"
"2024-07-25","SPEND","Uber Canada/Ubertrip","-19.66","118.49"
"2024-07-25","CASHBACK","Cashback received","0.2","118.69"
"2024-07-25","TRFOUT","Transfer out","-0.34","118.35"
"2024-07-25","TRFOUT","Transfer out","-0.2","118.15"
"2024-07-25","E_TRFOUT","Interac e-Transfer® Out","-160.0","-41.85"
"2024-07-25","CASHBACK","Cashback received","0.31","-41.54"
"2024-07-25","SPEND","Apple.com/Bill","-30.5","-72.04"
"2024-07-25","TRFOUT","Transfer out","-0.31","-72.35"
"2024-07-25","TRFOUT","Transfer out","-0.5","-72.85"
"2024-07-25","TRFOUT","Transfer out","-3.0","160.15"
"2024-07-25","TRFOUT","Transfer out","-22.0","138.15"
"2024-07-26","AFT_IN","Direct deposit from 2325106 ONTARIO","589.47","516.62"
"2024-07-26","CASHBACK","Cashback received","0.03","516.65"
"2024-07-26","SPEND","Presto Fare/55nnf5zqlj","-3.3","513.35"
"2024-07-26","CASHBACK","Cashback received","0.03","513.38"
"2024-07-26","SPEND","Presto Fare/55710725rj","-3.3","510.08"
"2024-07-26","TRFOUT","Transfer out","-0.03","510.05"
"2024-07-26","TRFOUT","Transfer out","-0.7","509.35"
"2024-07-26","TRFOUT","Transfer out","-0.7","508.65"
"2024-07-26","TRFOUT","Transfer out","-0.03","508.62"
"2024-07-26","CASHBACK","Cashback received","0.05","508.67"
"2024-07-26","SPEND","Uber Canada/Ubereats","-5.0","503.67"
"2024-07-26","TRFOUT","Transfer out","-0.05","503.62"
"2024-07-26","CASHBACK","Cashback received","0.39","504.01"
"2024-07-26","SPEND","Uber* Eats Pending","-38.92","465.09"
"2024-07-26","TRFOUT","Transfer out","-0.39","464.7"
"2024-07-26","TRFOUT","Transfer out","-0.08","464.62"
"2024-07-26","TRFOUT","Transfer out","-0.58","464.04"
"2024-07-26","TRFOUT","Transfer out","-0.29","463.75"
"2024-07-26","SPEND","Taco Bell 951027","-29.42","434.33"
"2024-07-26","CASHBACK","Cashback received","0.29","434.62"
"2024-07-27","TRFOUT","Transfer out","-0.03","434.59"
"2024-07-27","TRFOUT","Transfer out","-0.7","433.89"
"2024-07-27","TRFOUT","Transfer out","-0.03","433.86"
"2024-07-27","TRFOUT","Transfer out","-0.7","433.16"
"2024-07-27","CASHBACK","Cashback received","0.03","433.19"
"2024-07-27","SPEND","Presto Fare/557578bbpj","-3.3","429.89"
"2024-07-27","CASHBACK","Cashback received","0.03","429.92"
"2024-07-27","SPEND","Presto Fare/5573g7vz8l","-3.3","426.62"
"2024-07-28","SPEND","Presto Fare/5572l8bx52","-3.3","423.32"
"2024-07-28","CASHBACK","Cashback received","0.03","423.35"
"2024-07-28","CASHBACK","Cashback received","0.03","423.38"
"2024-07-28","SPEND","Presto Fare/557822gkbs","-3.3","420.08"
"2024-07-28","TRFOUT","Transfer out","-0.7","419.38"
"2024-07-28","TRFOUT","Transfer out","-0.03","419.35"
"2024-07-28","TRFOUT","Transfer out","-0.03","419.32"
"2024-07-28","TRFOUT","Transfer out","-0.7","418.62"
"2024-07-28","CASHBACK","Cashback received","0.46","419.08"
"2024-07-28","SPEND","Uber Canada/Ubereats","-45.53","373.55"
"2024-07-28","TRFOUT","Transfer out","-0.47","373.08"
"2024-07-28","TRFOUT","Transfer out","-0.46","372.62"
"2024-07-28","CASHBACK","Cashback received","0.1","372.72"
"2024-07-28","SPEND","Mcdonald's","-9.59","363.13"
"2024-07-28","TRFOUT","Transfer out","-0.1","363.03"
"2024-07-28","TRFOUT","Transfer out","-0.41","362.62"
"2024-07-29","CASHBACK","Cashback received","0.03","362.65"
"2024-07-29","SPEND","Presto Fare/557fjhl79x","-3.3","359.35"
"2024-07-29","CASHBACK","Cashback received","0.03","359.38"
"2024-07-29","TRFOUT","Transfer out","-0.03","359.35"
"2024-07-29","TRFOUT","Transfer out","-0.7","358.65"
"2024-07-29","SPEND","Presto Fare/557d20xfc5","-3.3","355.35"
"2024-07-29","TRFOUT","Transfer out","-0.7","354.65"
"2024-07-29","TRFOUT","Transfer out","-0.03","354.62"
"2024-07-29","CASHBACK","Cashback received","0.61","355.23"
"2024-07-29","SPEND","Uber Canada/Ubereats","-61.36","293.87"
"2024-07-29","SPEND","Uber Canada/Ubereats","-5.0","288.87"
"2024-07-29","CASHBACK","Cashback received","0.05","288.92"
"2024-07-29","TRFOUT","Transfer out","-0.64","288.28"
"2024-07-29","TRFOUT","Transfer out","-0.61","287.67"
"2024-07-29","TRFOUT","Transfer out","-0.05","287.62"
"2024-07-30","CASHBACK","Cashback received","0.03","287.65"
"2024-07-30","SPEND","Presto Fare/557647rnbv","-3.3","284.35"
"2024-07-30","TRFOUT","Transfer out","-0.7","283.65"
"2024-07-30","TRFOUT","Transfer out","-0.03","283.62"
"2024-07-30","CASHBACK","Cashback received","0.93","284.55"
"2024-07-30","SPEND","Uber Canada/Ubereats","-92.79","191.76"
"2024-07-30","TRFOUT","Transfer out","-0.21","191.55"
"2024-07-30","TRFOUT","Transfer out","-0.93","190.62"
"2024-07-30","CASHBACK","Cashback received","0.07","190.69"
"2024-07-30","SPEND","Mcdonald's","-6.81","183.88"
"2024-07-30","CASHBACK","Cashback received","0.04","183.92"
"2024-07-30","SPEND","Mcdonald's","-4.19","179.73"
"2024-07-30","TRFOUT","Transfer out","-0.19","179.54"
"2024-07-30","TRFOUT","Transfer out","-0.07","179.47"
"2024-07-30","TRFOUT","Transfer out","-0.04","179.43"
"2024-07-30","TRFOUT","Transfer out","-0.81","178.62"
"2024-07-30","CASHBACK","Cashback received","0.26","178.88"
"2024-07-30","SPEND","Steamgames.com 4259522","-26.2","152.68"
"2024-07-30","TRFOUT","Transfer out","-0.8","151.88"
"2024-07-30","TRFOUT","Transfer out","-0.26","151.62"
"2024-07-30","CASHBACK","Cashback received","0.47","152.09"
"2024-07-30","SPEND","Tokyo Smoke Cumberland","-47.46","104.63"
"2024-07-30","TRFOUT","Transfer out","-0.54","104.09"
"2024-07-30","TRFOUT","Transfer out","-0.47","103.62"
"2024-07-31","CASHBACK","Cashback received","0.3","103.92"
"2024-07-31","SPEND","Lcbo/Rao","-30.1","73.82"